(19, 4)
(9, 2)
(9, 4)
(5, 1)
(1, 9)
(5, 9)
(14, 17)
(17, 14)
(15, 14)
(14, 15)
(0, 15)
(8, 13)
(7, 12)
(7, 9)
(6, 15)
(15, 13)
(5, 18)
(0, 18)
(9, 16)
(14, 6)
(12, 7)
(9, 19)
(8, 10)
(19, 9)
(15, 1)
(15, 2)
(4, 6)
(9, 6)
(11, 15)
(11, 16)
(3, 9)
(12, 15)
(19, 13)
(17, 8)
(7, 13)
(8, 18)
(16, 14)
(6, 2)
(0, 13)
(5, 11)
(7, 8)
(1, 18)
(3, 16)
(3, 6)
(5, 3)
(2, 10)
(2, 9)
(5, 10)
(3, 17)
(6, 7)
(2, 11)
(13, 1)
(19, 0)
(9, 12)
(18, 16)
(7, 14)
(7, 3)
(18, 10)
(15, 3)
(15, 0)
(11, 13)
(18, 2)
(4, 14)
(15, 12)
(12, 10)
(15, 6)
(19, 2)
(1, 19)
(17, 10)
(17, 9)
(13, 0)
(16, 12)
(19, 5)
(17, 0)
(12, 19)
(14, 16)
(2, 16)
(17, 4)
(13, 10)
(8, 16)
(18, 6)
(17, 3)
(5, 19)
(10, 8)
(18, 14)
(14, 9)
(2, 5)
(0, 1)
(5, 13)
(17, 16)
(14, 4)
(6, 16)
(14, 8)
(9, 10)
(6, 13)
(14, 10)
(5, 2)
(3, 2)
(17, 18)
(5, 15)
(10, 12)
(9, 14)
(13, 6)
(17, 2)
(13, 3)
(2, 17)
(7, 6)
(15, 19)
(4, 10)
(14, 1)
(11, 0)
(8, 3)
(15, 10)
(8, 2)
(11, 5)
(11, 17)
(6, 4)
(10, 13)
(3, 11)
(18, 13)
