(8, 18)
(10, 0)
(15, 3)
(19, 12)
(1, 3)
(9, 19)
(12, 2)
(0, 5)
(7, 12)
(9, 0)
(10, 19)
(4, 15)
(15, 19)
(4, 2)
(4, 19)
(13, 5)
(10, 17)
(10, 12)
(7, 0)
(5, 9)
(18, 19)
(3, 16)
(2, 19)
(13, 8)
(4, 3)
(17, 12)
(3, 11)
(13, 15)
(2, 18)
(15, 9)
(12, 18)
(18, 1)
(1, 4)
(18, 13)
(15, 17)
(14, 5)
(2, 3)
(15, 10)
(8, 5)
(16, 9)
(16, 14)
(17, 1)
(5, 1)
(7, 8)
(7, 19)
(0, 2)
(2, 13)
(4, 10)
(6, 15)
(16, 11)
(6, 12)
(14, 1)
(18, 7)
(0, 8)
(14, 17)
(15, 7)
(1, 0)
(10, 2)
(8, 15)
(9, 15)
(8, 13)
(18, 2)
(7, 1)
(0, 4)
(10, 9)
(5, 14)
(17, 16)
(8, 10)
(17, 11)
(2, 7)
(10, 4)
(7, 14)
(15, 18)
(11, 19)
(19, 18)
(12, 4)
(11, 18)
(5, 18)
(18, 10)
(9, 4)
(3, 0)
(12, 15)
(12, 10)
(4, 9)
(4, 18)
(16, 5)
(14, 16)
(18, 17)
(3, 15)
(14, 4)
(2, 0)
(8, 19)
(0, 11)
(6, 5)
(19, 2)
(5, 17)
(8, 11)
(3, 10)
(11, 4)
(16, 0)
(4, 17)
(19, 15)
(11, 1)
(19, 13)
(15, 12)
(7, 13)
(11, 15)
(10, 14)
(9, 17)
(10, 13)
(10, 15)
(13, 17)
(5, 3)
(13, 7)
(2, 12)
(16, 6)
(7, 15)
(13, 14)
(7, 9)
(1, 19)
(5, 2)
(2, 6)
(17, 0)
(14, 8)
(11, 2)
(18, 9)
(15, 6)
(0, 18)
(12, 19)
(14, 11)
(8, 0)
(3, 18)
(5, 13)
(15, 14)
(2, 1)
(12, 5)
(5, 19)
(8, 2)
(14, 3)
(10, 3)
(2, 10)
(12, 16)
(14, 13)
(13, 6)
(1, 6)
(15, 11)
(11, 16)
(1, 17)
(17, 4)
(14, 15)
(4, 13)
(13, 3)
(12, 1)
(10, 6)
(12, 0)
(3, 4)
(4, 6)
(19, 8)
(0, 19)
(1, 12)
