(8, 5)
(6, 10)
(17, 7)
(6, 17)
(12, 11)
(16, 18)
(5, 3)
(4, 0)
(11, 5)
(15, 19)
(7, 1)
(18, 13)
(15, 16)
(1, 12)
(12, 2)
(10, 1)
(10, 15)
(11, 17)
(19, 15)
(0, 19)
(9, 15)
(17, 3)
(7, 0)
(4, 5)
(4, 2)
(7, 11)
(4, 3)
(14, 10)
(5, 18)
(18, 12)
(19, 8)
(19, 12)
(14, 19)
(13, 0)
(1, 18)
(9, 17)
(18, 10)
(3, 11)
(2, 3)
(8, 4)
(3, 8)
(1, 11)
(0, 13)
(6, 7)
(11, 7)
(1, 3)
(5, 15)
(7, 3)
(5, 6)
(11, 19)
(10, 2)
(10, 13)
(15, 3)
(5, 11)
(18, 14)
(11, 10)
(15, 11)
(11, 13)
(14, 1)
(18, 6)
(1, 0)
(13, 3)
(14, 7)
(12, 0)
(2, 1)
(16, 2)
(12, 15)
(13, 6)
(4, 6)
(4, 9)
(1, 10)
(1, 19)
(16, 17)
(19, 3)
(16, 13)
(16, 9)
(14, 5)
(14, 0)
(19, 2)
(0, 16)
