(15, 4)
(6, 8)
(3, 0)
(13, 7)
(8, 3)
(11, 14)
(18, 9)
(1, 3)
(9, 3)
(16, 4)
(7, 18)
(12, 14)
(9, 13)
(8, 2)
(12, 10)
(0, 2)
(19, 2)
(17, 5)
(10, 12)
(14, 5)
(18, 8)
(8, 14)
(2, 1)
(5, 0)
(0, 14)
(16, 19)
(6, 15)
(0, 16)
(7, 3)
(15, 11)
(2, 17)
(7, 10)
(6, 10)
(3, 1)
(9, 0)
(17, 0)
(15, 10)
(2, 0)
(6, 14)
(4, 13)
(1, 5)
(10, 18)
(1, 19)
(4, 15)
(1, 11)
(8, 15)
(5, 12)
(6, 17)
(15, 19)
(0, 8)
(13, 11)
(5, 15)
(11, 8)
(4, 10)
(3, 18)
(9, 2)
(19, 14)
(12, 3)
(13, 19)
(4, 17)
(4, 0)
(0, 4)
(19, 8)
(6, 18)
(8, 10)
(3, 7)
(9, 14)
(5, 17)
(12, 7)
(18, 2)
(5, 11)
(15, 16)
(6, 12)
(17, 9)
(10, 19)
(1, 14)
(8, 5)
(16, 11)
(3, 6)
(12, 16)
(3, 11)
(11, 1)
(6, 19)
(11, 7)
(3, 17)
(3, 10)
(4, 16)
(11, 18)
(3, 2)
(14, 17)
(12, 2)
(1, 18)
(3, 9)
(13, 8)
(3, 8)
(11, 6)
(10, 6)
(18, 19)
(0, 9)
(11, 15)
