(7, 14)
(14, 2)
(3, 8)
(7, 15)
(2, 9)
(13, 15)
(7, 4)
(16, 12)
(15, 10)
(0, 10)
(18, 1)
(10, 11)
(11, 18)
(6, 5)
(3, 12)
(16, 13)
(4, 18)
(18, 6)
(10, 17)
(13, 6)
(15, 14)
(17, 4)
(6, 4)
(18, 12)
(6, 18)
(5, 3)
(17, 11)
(9, 17)
(16, 15)
(12, 8)
(11, 14)
(15, 17)
(9, 13)
(12, 5)
(0, 8)
(9, 14)
(8, 14)
(4, 6)
(5, 13)
(9, 1)
(5, 15)
(18, 17)
(1, 14)
(1, 9)
(8, 1)
(9, 11)
(18, 13)
(0, 2)
(14, 6)
(10, 2)
(1, 0)
(15, 0)
(13, 12)
(18, 5)
(12, 1)
(11, 8)
(12, 2)
(10, 15)
(11, 10)
(5, 10)
(18, 16)
(14, 18)
(14, 7)
(14, 9)
(3, 16)
(10, 1)
(11, 6)
(4, 12)
(11, 19)
(16, 19)
(4, 1)
(9, 0)
(3, 18)
(1, 12)
(14, 8)
(18, 10)
(2, 14)
(15, 11)
(4, 7)
(3, 19)
(5, 0)
(0, 12)
(3, 0)
(14, 19)
(15, 12)
(15, 9)
(12, 15)
(17, 15)
(0, 13)
(2, 1)
(14, 5)
(19, 9)
(7, 10)
(10, 3)
(2, 19)
(2, 12)
(10, 16)
(12, 13)
(1, 8)
(9, 18)
(4, 11)
(7, 13)
(0, 15)
(6, 14)
(0, 5)
(19, 11)
(13, 0)
(2, 7)
(3, 6)
(1, 3)
(8, 6)
(1, 19)
(9, 6)
(15, 1)
(17, 5)
(4, 19)
(13, 18)
(1, 15)
(6, 16)
(8, 9)
(7, 9)
(3, 11)
(17, 1)
(6, 13)
(6, 11)
(13, 8)
(2, 17)
(17, 10)
(19, 4)
(11, 15)
(9, 4)
(14, 12)
(6, 15)
(0, 6)
(7, 17)
(4, 5)
(10, 6)
(7, 8)
(19, 12)
(10, 4)
(16, 18)
(7, 1)
(5, 16)
(0, 7)
(14, 13)
(12, 14)
(13, 5)
(4, 17)
(16, 9)
(17, 18)
(10, 8)
(8, 19)
(13, 4)
(10, 12)
(19, 13)
(1, 11)
(16, 2)
(15, 13)
(11, 5)
(12, 11)
(17, 19)
(15, 3)
(19, 10)
(5, 4)
(6, 19)
(8, 7)
(14, 3)
(17, 13)
(7, 11)
(3, 2)
(0, 11)
(2, 3)
(1, 7)
(6, 9)
(16, 3)
(13, 17)
(15, 16)
(5, 12)
(18, 0)
(8, 17)
