(5, 11)
(0, 6)
(10, 8)
(5, 16)
(9, 16)
(8, 10)
(2, 14)
(3, 8)
(15, 5)
(7, 1)
(9, 17)
(2, 1)
(3, 19)
(18, 5)
(4, 13)
(14, 18)
(16, 6)
(2, 8)
(4, 16)
(11, 10)
(16, 5)
(1, 15)
(16, 13)
(4, 2)
(16, 12)
(9, 5)
(7, 8)
(8, 14)
(14, 17)
(16, 9)
(1, 11)
(15, 11)
(3, 17)
(14, 10)
(9, 6)
(13, 15)
(18, 10)
(1, 14)
(11, 6)
(4, 6)
(12, 0)
(7, 2)
(14, 13)
(7, 13)
(3, 7)
(15, 10)
(14, 7)
(6, 2)
(16, 15)
(15, 3)
(15, 18)
(13, 1)
(3, 12)
(6, 8)
(7, 19)
(5, 14)
(11, 1)
(3, 1)
(16, 11)
(3, 18)
(15, 12)
(1, 12)
(7, 9)
(11, 3)
(17, 11)
(19, 2)
(5, 17)
(14, 9)
(6, 16)
(10, 15)
(5, 9)
(8, 7)
(8, 3)
(7, 10)
(19, 11)
(3, 5)
(6, 9)
(16, 8)
(5, 19)
(15, 17)
(19, 13)
(6, 15)
(15, 1)
(19, 16)
(13, 17)
(17, 5)
(1, 13)
(18, 12)
(10, 12)
(5, 4)
(10, 5)
(6, 5)
(5, 13)
(11, 9)
(2, 4)
(11, 19)
(17, 13)
(3, 6)
(12, 4)
(2, 16)
(0, 12)
(3, 10)
(12, 2)
(9, 13)
(18, 2)
(19, 1)
(9, 18)
(8, 1)
(9, 3)
(4, 8)
(10, 16)
(14, 3)
(14, 6)
(19, 10)
(17, 7)
(5, 0)
(0, 5)
(15, 19)
(11, 13)
(8, 15)
(10, 7)
(2, 0)
(1, 0)
(9, 15)
(4, 10)
(6, 4)
(12, 6)
(17, 16)
(19, 0)
(16, 3)
(4, 15)
(0, 1)
(18, 8)
(4, 17)
(10, 11)
(8, 13)
(12, 18)
(19, 6)
(0, 2)
(5, 10)
